1206100
1150763
1103997
1098002
1096101
1091913
1030861
1030318
1016846
1010903
1010903
269892
213294
30651
28852
1181014
1166392
1124597
1114287
1114288
1039424
1037014
1031488
1027577
1026260
278018
261428
155849
16305
20936
9941
8201
9911
8484
168389
1022343
161161
1108229
1007469
172986
177511
1037366
1023143
276363
210676
141599
30667
1091123
1002606
1001095
242302
177681
1187338
1181853
1153732
1152996
1137726
1075796
1035144
191865
1012135
1010731
1197372
28433
1146551
1144878
1092547
1086064
1082987
1074571
1039424
1026260
257828
1220059
1119938
1095803
30712
30436
28650
28436
1218819
1205298
1203353
1163610
1163611
1088802
1040162
1030271
1030272
1028776
1004120
221064
186566
167766
159800
133150
133150
133150
12087
7281
10470
7603
74448
125343
180598
11929
9231
9391
14900
1116045
142445
3513
4006
138902
4252
5595
7148
6750
1124459
1100517
1008772
1008413
250785
236736
196640
149864
141599
30216
29947
29517
29472
29438
1160403
1131068
83135
5594
7137
6814
13315
146062
82866
1127111
1111181
1049676
142665
122591
121210
123598
1055625
229557
140084
126366
197430
161518
144668
15824
207436
1109562
1100901
1074144
1067194
1064172
1048518
1010903
286151
224988
219934
216656
180816
143005
134828
30846
30516
30391
30222
30217
30147
30090
29886
29883
29804
29631
28852
28814
27344
1158884
1130650
1129580
1120510
1116575
1115796
1113267
1111140
1098336
1035290
271227
268831
258414
256759
234023
228817
228836
224851
207806
206914
199526
198321
182859
136418
136419
126672
122431
124174
73835
71271
14565
12615
17186
8042
7578
11619
16574
15101
15798
193892
14020
89983
17297
249197
13382
5441
11831
17622
400368
400338
268854
400318
400305
283482
238919
237264
189216
188367
3565
167374
7188
6947
6369
6374
1100197
283689
30258
30157
1114794
243794
207101
121229
98618
197226
5545
4427
5605
1143760
1180682
1174714
1174594
1172827
1172379
1167309
1167067
1166948
1166811
1166671
1166326
1166267
1166130
1165995
1165693
1165566
1165471
1165412
1165050
1164945
1164717
1164632
1164425
1164244
1164134
1164051
1163929
1163689
1163526
1163429
1163334
1163125
1163007
1162928
1162797
1162615
1162728
1162729
1162451
1162352
1162215
1162111
1162031
1161939
1161791
1161500
1161036
1160910
1160688
1160642
1160390
1160135
1160136
1160033
1159935
1159535
1159470
1159328
1159209
1158992
1158948
1158749
1158590
1158491
1158254
1158063
1157933
1157655
1157763
1157529
1157487
1157488
1157391
1157392
1157224
1157074
1157010
1156908
1156774
1156686
1156552
1156369
1156291
1156147
1155933
1155891
1155774
1155654
1155532
1155443
1155232
1155070
1154968
1154834
1154730
1154471
1154393
1154160
1154113
1154033
1153916
1153917
1153851
1153766
1153643
1153148
1153091
1152983
1152491
1152227
1152069
1151941
1151834
1151616
1151508
1151422
1151410
1151333
1151041
1150911
1150849
1150702
1150490
1150434
1150292
1149800
1149604
1149605
1149344
1149149
1148864
1148792
1148612
1148243
1148142
1147927
1147892
1147872
1147813
1147748
1147581
1147430
1147366
1147208
1147006
1146905
1146804
1146465
1146345
1146207
1146018
1145850
1145590
1145190
1145132
1145104
1144961
1144869
1144710
1144530
1144268
1144194
1144093
1144055
1143996
1143910
1143865
1143850
1143754
1143802
1143703
1143651
1143624
284068
237230
11680
249177
5595
5595
1095821
211480
93381
1108677
1108369
1103286
244886
229442
236392
191865
1106037
1006858
1984
5595
1136113
1110097
1096099
1076447
269075
265019
232277
220680
214980
213895
30536
30353
29016
28933
28850
28589
1160648
1120339
1093602
1059941
235421
134065
61446
16182
8417
237458
1051751
229834
221629
213493
1135882
1103060
1056498
1011973
241585
241199
239372
236884
1198905
249177
1108357
269291
1047799
6778
274894
1006866
1173370
1195666
1177286
1130840
1010459
248323
30667
1220776
1220185
1220260
1220113
1219904
1219807
1199418
1198394
1170756
1167004
1153096
1125687
1125247
1125248
1117481
1113261
1112699
1103158
1064569
1053401
1010817
1003633
248623
247268
247269
235585
200873
186325
96299
74178
9635
18366
1044207
1173413
1051180
1204651
1202434
1177743
1123489
1219937
1198702
1195125
1106936
1219600
1211464
1219809
1219810
1219811
143973
12976
30274
243794
5545
1110097
232277
220680
213895
30594
1160647
241853
231661
14452
1134818
1035907
1174663
1095541
1087285
280149
244229
30839
28433
1047527
1034101
1014474
215179
8201
214423
13560
16842
1974
5201
1206123
1059961
1053563
1163603
1126481
1121380
1040859
1038211
30667
1214493
1206820
1201896
1197027
1192010
1188661
1176988
1166850
1165057
1131641
1111283
1084403
1063954
1057059
1055224
1054148
1040928
1026808
1014239
1012498
1011869
1001042
288386
252626
228414
220650
208198
207430
202437
195386
179878
175405
175406
137269
15742
8349
8364
19019
7307
8879
18138
95904
7303
10631
11031
7871
11869
1212483
1207745
1205926
1203386
1202532
1200026
1199801
1187779
1179303
1178519
1178194
1178174
1175633
1175639
1174140
1169593
1157934
1130764
235207
165763
24507
1004655
235583
219012
214468
197430
177949
144668
136328
12931
15824
1196685
1128164
1103779
1102348
1101777
1101778
1100199
1098822
1098283
1098286
1090821
1087718
1087719
1085027
1078583
1078099
1053721
1053078
1042522
1036970
1032866
1032869
1016053
1015971
1015440
1010925
1010928
1009790
1008092
1008095
1005962
280475
280477
279408
278854
278856
278857
275023
268546
258341
254928
253192
252869
252870
248947
237156
235584
235586
235486
230231
225680
224997
224317
221827
220453
219709
219711
216270
216054
216055
199523
194783
192107
189196
176597
175231
172964
173040
160427
160294
155126
153075
149580
149061
148362
141282
138145
123594
121754
121635
120221
98675
98508
98514
98430
73001
70057
60396
292
14772
17514
18365
17644
16625
13773
17666
12382
16350
400698
175110
400837
400382
1000396
1163335
1162728
1162112
1160688
1160642
1160390
1160135
1160033
1159935
1159535
1159470
1159328
1159209
1158992
1158948
1158749
1158590
1158491
1158254
1158063
1157933
1157655
1157763
1157488
1157391
1157224
1157074
1157010
1156908
1156774
1156686
1156552
1156369
1156291
1156147
1155933
1155891
1155774
1155654
1155443
1155232
1155070
1154968
1154834
1154730
1154471
1154393
1154160
1154113
1154033
1153916
1153851
1153814
1153766
1153643
1153148
1153091
1152983
1152491
1152227
1152069
1151941
1151834
1151616
1151508
1151410
1151333
1151041
1150911
1150848
1150490
1150292
1149929
1149800
1149604
1149605
1149455
1149344
1149149
1148792
1148687
1148645
1148646
1148612
1148243
1148142
1148039
1147927
1147813
1147748
1147581
1147430
1147366
1147208
1147006
1146804
1146465
1145850
1145590
1145501
1145190
1145132
1144961
1144710
1144530
1144128
1144093
1144099
1143910
1143865
1143850
1143754
1143802
1143703
28892
1120339
13706
1196553
1195491
1195141
1184852
1184144
1163448
1152811
1204220
1158549
1143040
1130871
1130640
1126480
1118991
1110267
1096847
1094436
1086063
1078172
1075210
1060307
1042092
138814
1014974
1067194
1031504
1005169
234426
29903
1098287
123235
8355
172986
128563
7137
6368
6369
6369
6369
6369
6372
259864
259774
242302
6210
1120543
247480
8610
1142880
1111237
1028635
1022346
1165330
1155730
1155731
1149334
1142884
1127255
1111891
1108373
1093890
1074511
1047444
1005786
281039
242302
226283
208353
183085
163269
138178
21528
15241
10530
8043
13994
14166
7789
19446
1014974
1142880
1078172
1028635
1022346
1010903
269001
256863
221104
210675
210495
180817
76753
30831
1160636
1149334
1142884
1127255
1108373
1096481
1005787
281039
13994
14166
1014974
127911
60439
1142880
1022346
177728
1149334
1142884
1128432
1011417
280953
277234
272894
269348
259396
194666
120871
87169
10116
12547
10011
141267
16752
19442
1014974
4067
3668
70774
1142880
1077040
1077041
1057032
1028635
258379
144589
28904
1154255
1149334
1142884
1114961
1108373
1074511
249344
242302
8201
11974
14166
1014974
1220529
1142880
1119253
1118991
255323
241244
206178
76201
30672
30654
30441
1163967
1149334
1142884
1047890
215966
210965
98000
87169
16298
11245
9705
9301
10554
8293
16752
18600
15259
1191689
1188167
1185711
1184028
1162477
203612
1014974
3423
3512
4172
4067
3668
3621
3500
3394
1108237
1010482
1160400
1124446
1026910
76417
15824
15606
30667
1214493
1050536
1049596
1040269
1007456
268137
163726
76048
9981
191957
1195010
1022055
37721
1106211
283039
82866
30499
30258
30227
30222
30156
30151
30152
29714
29713
12828
188367
3468
3427
3837
4836
6814
6578
178949
1067194
1058072
1057087
1001569
29517
29438
22740
1974
1160403
221322
172986
83135
7137
6369
29719
28393
1140880
1123323
1100733
1099910
1084823
1042729
278389
253208
252865
252148
249140
249142
236972
222801
214367
73176
12552
15653
12147
16909
9788
17232
12854
10327
16256
7482
7282
8966
9794
8869
17493
15051
400454
400421
250423
1028743
262462
1053230
13327
1098889
258171
170378
181338
1055402
1005169
150669
1150437
1140253
1098751
1080112
1071489
1049289
1015032
1013622
1012833
1012834
1005604
269150
247268
196469
171498
1016946
1010000
1008539
1008540
258171
1078148
244271
192511
1187533
1105008
1101362
1088509
1087109
229754
209455
1163467
1151040
249177
192511
1141549
1131279
1088064
260650
257203
209455
13614
1038303
1118357
181624
158579
5595
1142880
1010903
1149334
1142884
1074511
1035868
1012570
155849
20936
1199797
127911
1162064
1157238
1156903
1153146
1149383
1146700
1145181
1143620
1143580
213294
242302
223289
219021
217929
215454
1107658
1107684
1107717
1108229
1142880
1118991
255323
1158813
196640
234598
201668
1136113
1110097
232277
220680
213895
30594
30536
30353
28850
1160647
1030118
245630
241853
231661
16182
14452
14978
271339
144393
29819
1220299
1143653
1099847
1064285
1012263
263058
98174
17134
11688
17886
10777
123936
1219925
1166714
1135339
1109524
1106766
1105835
201087
176994
5423
6857
1200907
1177223
1138479
1085545
1064688
276363
233421
213004
210676
196640
141599
28933
1209290
1137086
1001095
251713
237001
234598
211552
201668
177681
1132557
1023902
1160403
1064172
1043718
271339
242411
190784
30397
29903
29903
1103997
1176525
1162462
1151403
1144041
1123300
1091980
1064512
1053752
1042016
1027680
1014975
1003770
273122
262430
239630
227544
212060
198710
185732
120299
73026
30824
30759
30674
30589
30509
30427
30349
30183
1171348
1143421
1184783
1182603
1180783
1178923
1173323
1172503
1172504
1172369
1168803
1165763
1165683
1161585
1161483
1160783
1160683
1158548
1157863
1157483
1156023
1154155
1153723
1153203
1151532
1150883
1150383
1149645
1149237
1148744
1147161
1146900
1146880
1146001
1145841
1144003
1143740
1143800
1190444
1190186
1184491
1184492
1184027
1182700
1181301
1181271
1180432
1177146
1176705
1174122
1173548
1172548
1172505
1171703
1171514
1170537
1169555
1169457
1168106
1167959
1166863
1166707
1166720
1166384
1165989
1165506
1165386
1163577
1163438
1163364
1162932
1162449
1162454
1162391
1160953
1160933
1160934
1160531
1160532
1160570
1160407
1160368
1159868
1159595
1158883
1158496
1158008
1157932
1157764
1157524
1157245
1157228
1156689
1156143
1156144
1154276
1153965
1153745
1153095
1152150
1151088
1150748
1150653
1150564
1150511
1150317
1149346
1149352
1149353
1149309
1149312
1149242
1149025
1148868
1148765
1148229
1148231
1148046
1148048
1147930
1147931
1147934
1147883
1147875
1147876
1147837
1147657
1147635
1147629
1147364
1147270
1147207
1147172
1147182
1146285
1146201
1145647
1145189
1144797
1144414
1144260
1144098
1198165
1197563
1197023
1195780
1195765
1195676
1193196
1193203
1193209
1192809
1192407
1191999
1191972
1190492
1190461
1190462
1189851
1188562
1188474
1188478
1188479
1188480
1188481
1188457
1188458
1188070
1187998
1187912
1187390
1186846
1185820
1185312
1184615
1184531
1184187
1184137
1184098
1183800
1182888
1182684
1182579
1182487
1182450
1182451
1182089
1181849
1181832
1181441
1181013
1180972
1180550
1180508
1179648
1179657
1179658
1179659
1179660
1179608
1179571
1179289
1178935
1178772
1178773
1178445
1178254
1178215
1178011
1177763
1177556
1177233
1177234
1177235
1177236
1177154
1177166
1177027
1177028
1177002
1176949
1176751
1176712
1176313
1176230
1176231
1176232
1176009
1175679
1175681
1175572
1175466
1175166
1174349
1174196
1174094
1174095
1174007
1174008
1174009
1174010
1174011
1174012
1174013
1174014
1174015
1174016
1174017
1174018
1174019
1174020
1174021
1174022
1174023
1174024
1174025
1174026
1174030
1174034
1173743
1173744
1173623
1173624
1173625
1173626
1173368
1173339
1173340
1173274
1173094
1173095
1173096
1173097
1173098
1173008
1172926
1172731
1172751
1172549
1172568
1172451
1172422
1172389
1172306
1172321
1171892
1171801
1171802
1171803
1171804
1171805
1171693
1171696
1171611
1171512
1171214
1171030
1171049
1171050
1171052
1171054
1170958
1170991
1170651
1170566
1170586
1170373
1170227
1170148
1170150
1170151
1170048
1169619
1169620
1169515
1169516
1169475
1169479
1169484
1169485
1169443
1169339
1169343
1168755
1168671
1168562
1168512
1168471
1168472
1168473
1168227
1168228
1168229
1168230
1168231
1168232
1168233
1168234
1168235
1168236
1168046
1167971
1167670
1167313
1167314
1167315
1167316
1167121
1167005
1166949
1166815
1166743
1166709
1166304
1166305
1166306
1166318
1166329
1166251
1166190
1166195
1166196
1166197
1166198
1166199
1166119
1166162
1166058
1166061
1166062
1165986
1165694
1165624
1165590
1165508
1165437
1165389
1165391
1165392
1165393
1165394
1165395
1165324
1165337
1165058
1164993
1164999
1164961
1164748
1164549
1164554
1164555
1164283
1164284
1164173
1164097
1164104
1164048
1163980
1163981
1163982
1163983
1163749
1163752
1163753
1163616
1163617
1163618
1163573
1163465
1163472
1163450
1163452
1163431
1163394
1163396
1163365
1163371
1163327
1163330
1163306
1163315
1163319
1163155
1163009
1163010
1163022
1162972
1162974
1162975
1162977
1162944
1162893
1162902
1162905
1162844
1162816
1162822
1162823
1162824
1162554
1162446
1162452
1162425
1162303
1162306
1162313
1162315
1162271
1162277
1162279
1162217
1162230
1162110
1162114
1162115
1162046
1161990
1161991
1161942
1161890
1161893
1161895
1161597
1161524
1161123
1161027
1161029
1160958
1160918
1160919
1160920
1160752
1160690
1160535
1160540
1160406
1160408
1160389
1160392
1160336
1160295
1160145
1160102
1160103
1160113
1160058
1159949
1159952
1159876
1159597
1159616
1159617
1159618
1159537
1159476
1159477
1159387
1159388
1159389
1159390
1159393
1159394
1159210
1159214
1159170
1159171
1158995
1158949
1158955
1158957
1158838
1158840
1158841
1158750
1158711
1158724
1158666
1158669
1158599
1158600
1158553
1158554
1158503
1158484
1158485
1158492
1158495
1158420
1158257
1158152
1158156
1157925
1157928
1157867
1157871
1157872
1157820
1157822
1157771
1157649
1157650
1157664
1157531
1157532
1157507
1157490
1157355
1157287
1157288
1157289
1157229
1157230
1157076
1157016
1157032
1156815
1156779
1156780
1156736
1156664
1156558
1156292
1156169
1156158
1156085
1156087
1155998
1156014
1155935
1155890
1155897
1155852
1155858
1155817
1155818
1155819
1155655
1155437
1155374
1155375
1155252
1155116
1155117
1155118
1155063
1155075
1155052
1155054
1155055
1155056
1155057
1155006
1154913
1154914
1154930
1154833
1154838
1154841
1154754
1154563
1154483
1154441
1154399
1154305
1154333
1154257
1154259
1154173
1154077
1154049
1153989
1153990
1154004
1153959
1153971
1153918
1153856
1153859
1153812
1153778
1153782
1153746
1153747
1153748
1153750
1153751
1153727
1153730
1153147
1153151
1153153
1153132
1153032
1153033
1153034
1152988
1152990
1152995
1152938
1152805
1152493
1152245
1152253
1152222
1152149
1152133
1152026
1152027
1151937
1151946
1151894
1151828
1151852
1151770
1151771
1151585
1151588
1151509
1151447
1151448
1151420
1151404
1151384
1151388
1151334
1151338
1151357
1151289
1151302
1151249
1151254
1151087
1151091
1150944
1150893
1150861
1150772
1150773
1150788
1150721
1150723
1150542
1150464
1150465
1150467
1150431
1150432
1150390
1150391
1150370
1150373
1150334
1150321
1149930
1149931
1149947
1149876
1149879
1149860
1149846
1149828
1149832
1149808
1149809
1149786
1149787
1149750
1149751
1149762
1149726
1149651
1149652
1149653
1149654
1149656
1149657
1149660
1149662
1149607
1149620
1149549
1149552
1149556
1149557
1149567
1149568
1149444
1149453
1149390
1149392
1149393
1149396
1149271
1149054
1149062
1149065
1149077
1149017
1149019
1148855
1148860
1148844
1148851
1148825
1148794
1148798
1148747
1148754
1148757
1148712
1148713
1148714
1148696
1148659
1148663
1148649
1148615
1148616
1148566
1148485
1148488
1148275
1148241
1148242
1148214
1148205
1148106
1148113
1148115
1148120
1148127
1148071
1148075
1148076
1147962
1147965
1147928
1147874
1147843
1147815
1147820
1147794
1147800
1147771
1147772
1147755
1147725
1147686
1147694
1147632
1147580
1147454
1147458
1147459
1147439
1147420
1147421
1147424
1147425
1147402
1147408
1147409
1147410
1147367
1147347
1147348
1147353
1147355
1147356
1147272
1147273
1147230
1147211
1147169
1147170
1147171
1147043
1147001
1147004
1147005
1146981
1146983
1146929
1146902
1146895
1146884
1146837
1146806
1146746
1146710
1146713
1146554
1146469
1146470
1146401
1146408
1146300
1146302
1146303
1146284
1146287
1146222
1146232
1146233
1146234
1146123
1146125
1146129
1146007
1146014
1145845
1145782
1145726
1145735
1145681
1145683
1145669
1145670
1145584
1145587
1145497
1145498
1145500
1145512
1145408
1145251
1145264
1145187
1145188
1145130
1145102
1145103
1145058
1145002
1144965
1144897
1144898
1144868
1144871
1144787
1144790
1144746
1144747
1144754
1144707
1144708
1144621
1144574
1144484
1144496
1144497
1144405
1144418
1144419
1144365
1144370
1144371
1144372
1144378
1144247
1144227
1144228
1144232
1144198
1144199
1144147
1144148
1144124
1144126
1144097
1144102
1144104
1144043
1144012
1144015
1144016
1144020
1143966
1143975
1143908
1143909
1143864
1143855
1143809
1143747
1143758
1143665
1143629
1142646
1186599
1170152
1144633
1144608
1144417
1143646
1143647
1143549
1178862
1168732
1166681
1166259
1161684
1160797
1160035
1160036
1158030
1153994
1151347
1150581
1149318
1149229
1148169
1146351
1144575
1143857
1191684
1180463
1169663
1168363
1162483
1162263
1160784
1159363
1152024
1150843
1146003
1144865
1144241
1161985
1167129
1145028
1145029
1160457
1172370
1138960
1115065
1108357
1075613
1042556
259864
30390
1165397
1133177
1112337
246677
13315
13315
13315
1061371
3676
6922
6698
1155887
1140301
1092695
1055402
1038211
1008692
264650
242411
238139
222380
172961
167498
137421
30397
29903
1206099
1192271
1191553
1181254
1176226
1163475
1160108
1159998
1157245
1157236
1153651
1150946
1143069
1140253
1119451
1049289
1047821
1040222
173027
149937
185805
1194137
1187087
1163401
1156559
1154442
1151618
1151294
258171
6857
1110097
30620
1206230
1202434
1121682
141599
1210664
1160403
1116414
263040
30256
30060
28472
242302
168557
12988
11764
1067273
236392
7028
1113932
1075210
242648
239819
229557
225128
140084
126366
30702
1150430
1130167
1081901
1002564
283376
243239
232033
232035
161518
242794
172986
172986
172986
1104351
238321
28919
179894
207436
207436
207436
207436
207436
207436
207436
207436
1188552
1184224
1180224
1162462
1161583
1161584
1161023
1161024
1160772
1160623
1160443
1160023
1159323
1158938
1157843
1155901
1155424
1154204
1154155
1154076
1153629
1153144
1153084
1151403
1150716
1150356
1149644
1149236
1149143
1149144
1149003
1148564
1148284
1148163
1147959
1147923
1147862
1147763
1146920
1146901
1146028
1145400
1144600
1144080
1144002
1143741
1193840
1177857
1176497
1173450
1171672
1171543
1170648
1166129
1165503
1165035
1164593
1164594
1163964
1163745
1163124
1162067
1162024
1161888
1161832
1161669
1160523
1160449
1160383
1159337
1158745
1158706
1158707
1158502
1158511
1157652
1156684
1156324
1155907
1155888
1155645
1155587
1155144
1154366
1152929
1151832
1151572
1150921
1150718
1150335
1149839
1149825
1149794
1149385
1149386
1148707
1148708
1148138
1147202
1147206
1147030
1146541
1145465
1144797
1144752
1144623
1144624
1144442
1144223
1143963
1191828
1191632
1190626
1185874
1179779
1178807
1174591
1173451
1172636
1171673
1170710
1169604
1168117
1166396
1165528
1165465
1164745
1163511
1162747
1162264
1162265
1162025
1162029
1161933
1160640
1159467
1159427
1159428
1157653
1156707
1155908
1154830
1154754
1154612
1152117
1150573
1150359
1149850
1149840
1149387
1149264
1148656
1148288
1148139
1147165
1147031
1147033
1147020
1146007
1145403
1144622
1144625
1144480
1144401
1144402
1144267
1144141
1143755
1161589
1156247
1154758
1142667
1087342
1067194
1043598
286151
213493
204930
186616
74557
30614
3747
3559
6368
6374
1206110
1187324
1166844
1157863
1157063
1153843
1151329
1150909
1129283
1115503
1089164
1077039
1061853
1035420
1034145
1030935
1027335
1000965
279936
213294
29864
249479
1161821
242302
1151540
1158030
1157231
1153996
1107657
1107658
1107684
1107717
1108229
251693
251693
243771
1094691
1196063
1196064
1195866
1191934
1188104
1188105
1188106
1053691
181636
1149335
1052090
126366
30702
1121682
1118991
1078172
173900
1014974
1039348
1010482
1162462
1161023
1149143
1147763
1143741
1131064
1064513
1042092
1030936
1004842
269892
258270
206473
202982
165718
74459
30666
30617
1200096
1172623
1164124
1162243
1149644
1130871
1127945
1110267
1094436
1068865
1068531
1066873
1042709
1040157
1003601
261579
236425
187346
30617
236392
1077039
1172371
1143040
1131140
1108237
1096847
1024319
1021343
1011723
242648
138814
1148284
1140301
1115627
1091871
1074277
1059332
1055402
1038211
1005169
270212
264650
222380
29819
1105593
124102
258171
1187063
1169572
1163736
1110267
1075210
269163
244963
229557
225128
215328
30702
1081901
1002564
243239
232033
232035
1123640
1084106
234027
232036
270315
172986
1144003
1039348
229834
239372
1114895
236884
1192217
249177
229557
1171469
1122203
1002564
243239
232033
232035
232036
172986
172986
172986
1158983
1151417
1094436
238321
1189493
1168165
1060100
207436
3462
3485
194959
1140791
1058373
1039348
1136838
1111312
1091125
1084836
1026879
1022315
1008895
247938
237231
222492
180147
178316
141005
13613
13057
13066
1160857
1135977
1130907
5595
1039348
1051691
1011739
271397
239259
1005970
5595
269291
30667
1053563
1002637
1100517
1050848
1035180
1016177
261427
191297
29893
1047527
1974
5201
7168
1100517
1096097
1069105
1035180
261427
191297
191298
179295
30648
30587
30249
29472
29473
1060116
1041586
9581
15347
30151
1027577
245443
187340
1057861
1134214
1007469
222625
5911
1096337
1095541
1090705
287565
265077
252828
236495
207438
197351
30256
1218922
242302
251693
279441
199521
1162526
1162527
1039348
1010903
1094601
199523
1170617
1115503
1115064
1074539
242302
242302
251693
1204563
1163423
1089564
1048554
1036936
274894
1196971
199611
147733
214423
19422
1204249
1984
1984
1984
1984
1984
1202472
1195119
1163603
1141461
1130840
1121380
1091906
1084262
1072727
1041361
1010459
30667
1214493
1194368
1188477
1174207
1152029
1140643
1131641
1123527
1119802
1116018
1113261
1111283
1109335
1083574
1053563
1053200
1053037
1050536
1039460
1031470
167766
1216354
1216223
1206454
1203482
1203483
1199631
1192223
1186702
1174417
1156781
1155376
1153992
1984
1013716
1220682
1220620
1220469
1220470
1220471
1220473
1221333
1220684
1220642
1220643
145437
30329
30318
30289
30216
29864
242302
242302
242302
242302
242302
242302
242302
242302
242302
18995
25563
1016103
251693
243771
5654
1174341
1172678
1171983
1170703
1170284
1168843
1167303
1165764
1164411
1162923
1162543
1162063
1161103
1160384
1158986
1157765
1157484
1156863
1156283
1155723
1155013
1154385
1153145
1152143
1151533
1150983
1150486
1149823
1149336
1148783
1148230
1147863
1147568
1147328
1147160
1146980
1146780
1146460
1146200
1145780
1145600
1145180
1144940
1144740
1144560
1144360
1144180
1144001
1192099
1176534
1157934
1155229
1148139
1146294
1145671
1145464
1145044
1145046
1144961
1144870
1144673
1143910
1143865
1143850
1143754
1143802
1143703
1143645
1143542
1143498
1130641
1110097
1067843
269291
30620
28892
1059961
1002637
279441
13706
1164599
1070807
1051751
1168463
1148284
1179287
196592
1186590
172986
172986
172986
1191960
1144600
1142667
1141349
1133396
1127890
1067194
1048718
1022392
1010668
286339
284139
278388
272719
261949
261427
258492
233421
207588
188826
176010
29473
24349
1186583
1180425
1173548
1144624
1144603
1085163
1076082
1075299
1073110
253498
213823
98429
1144604
1066802
1078621
7134
7042
6368
6369
6374
1184723
207436
207436
207436
207436
207436
207436
207436
207436
1115065
1044585
1037693
1028995
1015552
280305
269291
259864
256451
219636
180659
1133177
1086973
1057443
287117
258428
247857
240807
234839
126383
12951
12627
14344
13540
14775
13315
70487
1030733
1028128
1023342
1016900
182538
266888
176595
1127320
271221
242302
128106
8730
13031
1204652
1194404
1193242
1182407
1176347
1166701
1166466
1162942
1132416
1132418
1114135
1093280
1219410
1209325
1199318
1186683
1169723
1153629
1140200
1127180
1112915
1098001
1084982
1071475
1057442
1047408
1034166
1021342
1009367
283173
267008
256168
244386
233273
218235
205372
192246
178352
148425
1086062
1060115
276363
213004
211480
210676
149264
141599
1209290
1091123
1076066
1065874
1002606
1001095
242302
205404
184644
177681
148364
13234
1187338
1181853
1180789
1023902
1035144
1180186
236392
191865
1012135
1010731
242302
242302
242302
242302
1187684
1187183
1182123
1173643
1154203
1117540
1114173
1113932
1073323
1030936
1030767
1028636
1026712
1024319
1010903
1008293
1006475
1006044
1004842
277775
269001
267300
264243
261579
261383
258270
257179
240374
30710
1194987
1188654
1187992
1187903
1186659
1184612
1182088
1175812
1171467
1170531
1170471
1168750
1167115
1165608
1163968
1160530
1129762
1113966
242631
12630
1176748
1014974
207436
1209272
1119730
141599
1152996
1160403
1141780
1134236
1092269
1008668
269848
268255
244803
198675
195209
182755
179697
176595
160254
145437
75674
22960
1137086
1115675
1106936
201706
139621
233254
207394
239052
1173543
1143661
137783
1110097
1051339
269075
232277
30214
241853
235421
1001569
75353
30806
30209
29438
193065
5201
1219384
1041204
229557
229484
229485
207292
29636
29477
1158419
1149586
1088064
1035185
1025358
217983
176915
126671
123280
13864
16022
15551
15728
14387
16899
18047
8524
5618
7015
216041
170285
6251
5979
1175403
1132091
1090894
1084262
1041361
1010459
30667
30274
1197027
1157006
1157019
1111512
1088802
1014982
1008725
1004120
268137
248131
246682
243386
226458
224395
206883
182637
121486
18967
12087
87460
1171893
251693
3439
5595
7178
1206040
1197291
1197120
1197122
1193179
1192568
1179654
1172735
1166285
1153093
1149015
1148845
1145511
1102733
1089106
1087115
1075143
1064705
1045027
1020424
1012068
287499
278403
278067
271991
269817
258683
258205
242395
1186043
1160623
1151383
1150483
1149723
1146880
1144400
1197573
1190518
1187228
1182131
1174116
1173331
1170473
1168882
1165769
1165049
1161672
1160285
1157813
1156907
1155111
1154617
1153803
1150519
1148565
1147271
1147172
1146292
1146293
1146036
1145672
1145466
1145052
1145030
1144907
1144793
1144798
1144641
1143804
1143801
1143702
1143660
1143149
1142163
1193450
1192574
1191437
1188700
1188703
1188241
1187229
1183119
1181809
1181370
1181071
1180863
1180681
1180682
1180683
1180434
1180187
1179909
1179611
1179268
1178936
1178516
1178292
1178171
1178014
1177855
1177883
1177884
1177885
1177886
1177887
1177888
1177889
1177890
1177891
1177892
1177893
1177894
1177895
1177896
1177897
1177898
1177550
1177551
1177232
1177152
1176908
1176535
1176406
1176310
1176222
1176049
1175895
1175632
1175633
1175208
1174714
1174716
1174088
1173969
1173970
1173971
1173559
1173515
1173516
1173410
1173369
1173211
1173141
1173010
1172885
1172649
1172566
1172486
1172448
1172380
1172052
1171933
1171753
1171709
1171674
1171513
1171367
1171207
1171114
1171092
1170959
1170712
1170616
1170474
1170296
1170297
1170253
1169742
1169590
1169557
1169476
1169429
1168875
1168876
1168744
1168634
1168526
1168407
1168373
1168187
1168027
1167950
1167951
1167667
1167309
1167310
1167278
1167279
1167067
1166948
1166811
1166671
1166326
1166282
1166267
1166253
1166130
1166056
1165995
1165770
1165692
1165693
1165566
1165471
1165412
1165050
1164945
1164717
1164718
1164603
1164425
1164292
1164244
1164134
1164051
1164010
1163929
1163689
1163690
1163526
1163428
1163430
1163334
1163314
1163125
1163007
1163008
1162928
1162902
1162797
1162615
1162728
1162729
1162451
1162352
1162247
1162215
1162216
1162111
1162113
1162031
1161939
1161791
1161500
1161036
1161037
1160956
1160910
1160911
1160912
1160688
1160689
1160642
1160643
1160390
1160287
1160135
1160033
1159935
1159534
1159535
1159470
1159328
1159209
1159211
1158991
1158992
1158948
1158895
1158749
1158590
1158491
1158254
1158063
1158065
1158066
1157933
1157934
1157814
1157818
1157775
1157776
1157655
1157656
1157763
1157529
1157487
1157488
1157391
1157392
1157224
1157225
1157074
1157075
1157010
1156908
1156909
1156773
1156774
1156686
1156687
1156688
1156654
1156552
1156413
1156369
1156290
1156291
1156146
1156147
1155933
1155935
1155891
1155892
1155812
1155773
1155774
1155654
1155443
1155229
1155232
1155112
1155070
1154968
1154833
1154834
1154799
1154754
1154730
1154618
1154471
1154477
1154393
1154368
1154321
1154160
1154113
1154033
1154034
1153916
1153851
1153813
1153766
1153767
1153744
1153643
1153148
1153149
1153091
1153092
1152987
1152983
1152937
1152491
1152227
1152069
1151941
1151893
1151834
1151616
1151508
1151422
1151409
1151410
1151333
1151041
1150911
1150848
1150702
1150703
1150489
1150490
1150433
1150434
1150292
1149831
1149800
1149604
1149605
1149455
1149344
1149149
1148863
1148864
1148792
1148687
1148688
1148690
1148691
1148693
1148694
1148645
1148646
1148612
1148289
1148243
1148244
1148193
1148194
1148196
1148142
1148039
1147927
1147892
1147813
1147748
1147581
1147430
1147366
1147208
1147008
1146885
1146827
1146804
1146286
1146207
1146145
1145850
1145786
1145261
1145132
1145044
1144870
1144747
1144749
1144750
1144708
1144709
1144710
1144674
1144676
1144680
1144569
1144572
1144492
1144493
1144494
1144407
1144128
1144092
1143851
1143591
1142886
1142164
1149318
1147594
1147180
1188946
1183364
1108819
1011251
283525
199523
127037
8027
16022
15728
400628
400857
1160400
1085142
1024661
1004655
287252
284533
279441
278018
238928
219012
214468
199523
136328
87919
15824
15606
12382
15551
15722
400597
400596
400589
400828
400531
1000396
30786
241852
73834
236987
11043
1160105
1147874
1123490
259612
229945
32576
1007469
1160031
177949
136328
20330
15824
12382
207436
207436
207436
172986
1143998
1143999
1144000
1155438
1155367
1147750
1147047
1145060
1144246
1144101
1143967
1155427
1149154
1149155
1148760
1148761
1147896
1147897
1147898
1147899
1147587
1147588
1147451
1147426
1147276
1147277
1147278
1147228
1146834
1146280
1146289
1145269
1145047
1145048
1145049
1144666
1144672
1144679
1144008
1076821
30287
29812
28653
1155847
1147886
1124597
1079309
1046061
1025523
1002415
278389
278390
200642
11785
283705
400441
10452
400542
1208584
169143
5162
6953
1084262
211435
1157505
1136625
12087
12122
76048
1116308
1007469
1007469
1194903
1116754
1010903
1005871
30407
30078
1192429
1192244
1124453
1056927
1027577
230180
11043
9612
10312
181243
1007469
1007469
1007469
1007469
1005871
204331
1111358
230180
210737
7979
1014869
265586
184418
1007469
1100117
1051662
30818
1055362
11408
1112065
1110987
1019044
222537
135133
135134
135136
172986
5595
1174663
1115067
221143
1112221
120134
8201
13560
251693
6848
6564
1013716
1200844
1200724
1200725
1200726
1015720
1165983
1144003
1128371
1114173
1103697
1021343
242648
229557
1174356
1113966
1002564
245885
127037
15824
15606
1155207
1129380
1066391
1060038
1039348
1028994
1024068
1011723
242648
202950
1182129
1026803
1021679
271432
235449
233298
229755
225472
217789
217790
217645
216309
70367
1147025
249177
1160903
1147641
1117056
1107857
1089343
1036936
1007408
252583
29473
28925
28836
27942
139449
1056025
254563
125005
16121
259272
1984
1007469
6728
284768
1219634
1206985
1206986
1206463
1205824
1204222
1203458
1196284
1195782
1195267
1191652
1188164
1187123
1183784
1180963
1179564
1179043
1178923
1178583
1178163
1177963
1177304
1175763
1175289
1173503
1170943
1168743
1168583
1162463
1158663
1153943
1153944
1153724
1151443
1137905
1137420
1137321
1123513
1121065
1120605
1120362
1117474
1108737
1107616
1101587
1101562
1096791
1092293
1088863
1077908
1072727
1067906
1066836
1061923
1055625
1046200
1038699
1035925
1016845
1004876
259276
30585
27942
1221265
1216887
1216475
1216451
1138607
1106046
1096725
1095553
1051328
1038151
1009900
1006008
1005548
1005026
1002182
1001354
1001015
265859
263405
261699
253912
248153
247276
245884
245885
241259
239774
239051
235449
214284
213763
212855
170327
145223
139698
122835
121777
98401
76307
73028
60271
14925
10551
14650
12514
10028
13385
11627
14229
9344
11461
15989
94312
1039396
140312
147077
164685
1091033
261640
261625
1033185
242419
261642
180968
1158549
1056560
1024319
1012435
29579
1203698
1199553
1187023
1173324
1172679
1172573
1172485
1088682
1084423
18813
19444
1203443
1194046
1193938
1193381
1188503
1195714
1159423
1099797
1098384
279294
264651
257080
230132
194251
160270
97758
29840
24262
23639
1101233
1086207
1060194
1021537
282648
176595
176162
30832
30329
30318
30299
30093
29980
29862
29831
29683
28359
25853
1221544
1142653
1126341
1103363
1097710
251552
232784
136753
13128
12619
13859
11706
9278
182630
18914
1129442
76465
3613
5050
5353
4148
3893
7181
7101
6940
177514
178746
6792
6746
6489
6480
6379
1200096
1162243
1143040
1131140
1131064
1126480
1108237
1075613
1066873
1042092
1021343
1010482
1004842
1003601
269892
258270
242648
236425
206473
202982
187346
180477
173900
165718
137783
126366
74459
30702
30666
30390
1015456
235583
127037
1200223
1209939
1199483
1195303
1187103
1170283
1166961
1154076
1140300
1126745
1112118
1096857
1084822
1071104
1057115
1046665
1035109
1021285
1008412
282642
267249
256156
244407
233121
218236
205312
192117
178488
1048518
246639
242326
224988
207589
180816
167989
134828
30516
29804
1195801
12615
84674
146128
233299
189216
188368
224988
180816
30222
27344
1102017
1056376
234023
193892
14020
1137100
268854
263724
233299
188367
6981
6369
