1181014
1166392
1124597
1114287
1114288
1039424
1037014
1031488
1027577
1026260
278018
261428
155849
16305
20936
9941
8201
9911
8484
168389
1022343
1091123
1002606
1001095
242302
177681
1146551
1144878
1092547
1086064
1082987
1074571
257828
1218819
1205298
1203353
1163610
1163611
1088802
1040162
1030271
1030272
1028776
1004120
221064
186566
167766
159800
133150
12087
7281
10470
7603
74448
125343
180598
11929
9231
9391
14900
13315
1127111
1111181
1049676
142665
122591
121210
197430
161518
144668
15824
1158884
1130650
1129580
1120510
1116575
1115796
1113267
1111140
1098336
1035290
271227
268831
258414
256759
234023
228817
228836
224851
207806
206914
199526
198321
182859
136418
136419
126672
122431
124174
73835
71271
14565
12615
17186
8042
7578
11619
16574
15101
15798
193892
14020
89983
17297
249197
13382
5441
11831
17622
400368
400338
268854
400318
400305
1114794
243794
207101
121229
98618
197226
1143760
284068
237230
11680
1108677
1108369
1103286
244886
229442
1160648
1120339
1093602
1059941
235421
134065
61446
16182
8417
237458
1135882
1103060
1056498
1011973
241585
241199
239372
1047799
1006866
1220776
1220185
1220260
1220113
1219904
1219807
1199418
1198394
1170756
1167004
1153096
1125687
1125247
1125248
1117481
1113261
1112699
1103158
1064569
1053401
1010817
1003633
248623
247268
247269
235585
200873
186325
96299
74178
9635
18366
1044207
1219937
1198702
1195125
1106936
143973
12976
1160647
241853
231661
14452
1047527
1034101
1014474
215179
214423
13560
16842
1206123
1059961
1053563
1214493
1206820
1201896
1197027
1192010
1188661
1176988
1166850
1165057
1131641
1111283
1084403
1063954
1057059
1055224
1054148
1040928
1026808
1014239
1012498
1011869
1001042
288386
252626
228414
220650
208198
207430
202437
195386
179878
175405
175406
137269
15742
8349
8364
19019
7307
8879
18138
95904
7303
10631
11031
7871
11869
1004655
235583
219012
214468
177949
136328
12931
1196685
1128164
1103779
1102348
1101777
1101778
1100199
1098822
1098283
1098286
1090821
1087718
1087719
1085027
1078583
1078099
1053721
1053078
1042522
1036970
1032866
1032869
1016053
1015971
1015440
1010925
1010928
1009790
1008092
1008095
1005962
280475
280477
279408
278854
278856
278857
275023
268546
258341
254928
253192
252869
252870
248947
237156
235584
235586
235486
230231
225680
224997
224317
221827
220453
219709
219711
216270
216054
216055
199523
194783
192107
189196
176597
175231
172964
173040
160427
160294
155126
153075
149580
149061
148362
141282
138145
123594
121754
121635
120221
98675
98508
98514
98430
73001
70057
60396
292
14772
17514
18365
17644
16625
13773
17666
12382
16350
400698
175110
400837
400382
13706
1196553
1195491
1195141
1184852
1184144
1163448
1152811
1098287
123235
8355
1120543
247480
8610
1165330
1155730
1155731
1149334
1142884
1127255
1111891
1108373
1093890
1074511
1047444
1005786
281039
226283
208353
183085
163269
138178
21528
15241
10530
8043
13994
14166
7789
19446
1160636
1096481
1005787
1128432
1011417
280953
277234
272894
269348
259396
194666
120871
87169
10116
12547
10011
141267
16752
19442
1154255
1114961
249344
11974
1163967
1047890
215966
210965
98000
16298
11245
9705
9301
10554
8293
18600
15259
1160400
1124446
1026910
76417
15606
1050536
1049596
1040269
1007456
268137
163726
76048
9981
191957
12828
1140880
1123323
1100733
1099910
1084823
1042729
278389
253208
252865
252148
249140
249142
236972
222801
214367
73176
12552
15653
12147
16909
9788
17232
12854
10327
16256
7482
7282
8966
9794
8869
17493
15051
400454
400421
250423
1028743
262462
1053230
13327
1150437
1140253
1098751
1080112
1071489
1049289
1015032
1013622
1012833
1012834
1005604
269150
196469
171498
1187533
1105008
1101362
1088509
1087109
229754
209455
1141549
1131279
1088064
260650
257203
13614
1035868
1012570
1162064
1157238
1156903
1153146
1149383
1146700
1145181
1143620
1143580
1158813
234598
201668
1030118
245630
14978
1220299
1143653
1099847
1064285
1012263
263058
98174
17134
11688
17886
10777
123936
1209290
1137086
251713
237001
211552
1171348
1143421
1190444
1190186
1184491
1184492
1184027
1182700
1181301
1181271
1180432
1177146
1176705
1174122
1173548
1172548
1172505
1171703
1171514
1170537
1169555
1169457
1168106
1167959
1166863
1166707
1166720
1166384
1165989
1165506
1165386
1163577
1163438
1163364
1162932
1162449
1162454
1162391
1160953
1160933
1160934
1160531
1160532
1160570
1160407
1160368
1159868
1159595
1158883
1158496
1158008
1157932
1157764
1157524
1157245
1157228
1156689
1156143
1156144
1154276
1153965
1153745
1153095
1152150
1151088
1150748
1150653
1150564
1150511
1150317
1149346
1149352
1149353
1149309
1149312
1149242
1149025
1148868
1148765
1148229
1148231
1148046
1148048
1147930
1147931
1147934
1147883
1147875
1147876
1147837
1147657
1147635
1147629
1147364
1147270
1147207
1147172
1147182
1146285
1146201
1145647
1145189
1144797
1144414
1144260
1144098
1165397
1133177
1112337
246677
1206099
1192271
1191553
1181254
1176226
1163475
1160108
1159998
1157236
1153651
1150946
1143069
1119451
1047821
1040222
173027
149937
185805
1210664
168557
12988
11764
1067273
1150430
1130167
1081901
1002564
283376
243239
232033
232035
179894
1193840
1177857
1176497
1173450
1171672
1171543
1170648
1166129
1165503
1165035
1164593
1164594
1163964
1163745
1163124
1162067
1162024
1161888
1161832
1161669
1160523
1160449
1160383
1159337
1158745
1158706
1158707
1158502
1158511
1157652
1156684
1156324
1155907
1155888
1155645
1155587
1155144
1154366
1152929
1151832
1151572
1150921
1150718
1150335
1149839
1149825
1149794
1149385
1149386
1148707
1148708
1148138
1147202
1147206
1147030
1146541
1145465
1144752
1144623
1144624
1144442
1144223
1143963
1161821
1105593
124102
1171469
1122203
1136838
1111312
1091125
1084836
1026879
1022315
1008895
247938
237231
222492
180147
178316
141005
13613
13057
13066
1051691
1011739
271397
239259
1002637
1060116
1041586
9581
15347
245443
187340
1218922
279441
199521
1094601
1196971
199611
147733
19422
1194368
1188477
1174207
1152029
1140643
1123527
1119802
1116018
1109335
1083574
1053200
1053037
1039460
1031470
1220682
1220620
1220469
1220470
1220471
1220473
18995
1174341
1172678
1171983
1170703
1170284
1168843
1167303
1165764
1164411
1162923
1162543
1162063
1161103
1160384
1158986
1157765
1157484
1156863
1156283
1155723
1155013
1154385
1153145
1152143
1151533
1150983
1150486
1149823
1149336
1148783
1148230
1147863
1147568
1147328
1147160
1146980
1146780
1146460
1146200
1145780
1145600
1145180
1144940
1144740
1144560
1144360
1144180
1144001
1179287
196592
1186583
1180425
1144603
1085163
1076082
1075299
1073110
253498
213823
98429
1086973
1057443
287117
258428
247857
240807
234839
126383
12951
12627
14344
13540
14775
70487
1127320
271221
128106
8730
13031
1076066
1065874
205404
184644
148364
13234
1194987
1188654
1187992
1187903
1186659
1184612
1182088
1175812
1171467
1170531
1170471
1168750
1167115
1165608
1163968
1160530
1129762
1113966
242631
12630
1115675
201706
139621
193065
1158419
1149586
1035185
1025358
217983
176915
126671
123280
13864
16022
15551
15728
14387
16899
18047
8524
1157006
1157019
1111512
1014982
1008725
248131
246682
243386
226458
224395
206883
182637
121486
18967
87460
1197573
1190518
1187228
1182131
1174116
1173331
1170473
1168882
1165769
1165049
1161672
1160285
1157813
1156907
1155111
1154617
1153803
1150519
1148565
1147271
1146292
1146293
1146036
1145672
1145466
1145052
1145030
1144907
1144793
1144798
1144641
1143804
1143801
1143702
1143660
1143149
1142163
1188946
1183364
1108819
1011251
283525
127037
8027
400628
400857
1085142
1024661
287252
284533
238928
87919
15722
400597
400596
400589
400828
400531
241852
73834
236987
11043
1160031
20330
1155438
1155367
1147750
1147047
1145060
1144246
1144101
1143967
1155847
1147886
1079309
1046061
1025523
1002415
278390
200642
11785
283705
400441
10452
400542
1157505
1136625
12122
1192429
1192244
1124453
1056927
230180
9612
10312
1111358
210737
7979
1055362
11408
1112221
120134
1200844
1200724
1200725
1200726
1015720
1174356
245885
1182129
1026803
1021679
271432
235449
233298
229755
225472
217789
217790
217645
216309
70367
1056025
254563
125005
16121
259272
1221265
1216887
1216475
1216451
1138607
1106046
1096725
1095553
1051328
1038151
1009900
1006008
1005548
1005026
1002182
1001354
1001015
265859
263405
261699
253912
248153
247276
245884
241259
239774
239051
214284
213763
212855
170327
145223
139698
122835
121777
98401
76307
73028
60271
14925
10551
14650
12514
10028
13385
11627
14229
9344
11461
15989
94312
1039396
140312
147077
164685
1091033
261640
261625
1203698
1199553
1187023
1173324
1172679
1172573
1172485
1088682
1084423
18813
19444
1221544
1142653
1126341
1103363
1097710
251552
232784
136753
13128
12619
13859
11706
9278
182630
18914
1015456
1195801
84674
146128
1102017
1056376
1137100
1183363
1048783
1080094
